,contractSymbol,lastTradeDate,strike,lastPrice,bid,ask,change,percentChange,volume,openInterest,impliedVolatility,inTheMoney,contractSize,currency
0,NVDA260116C00000500,2025-08-29 17:34:12+00:00,0.5,173.0,172.45,174.9,-6.75,-3.7552156,251.0,59557.0,0.0,True,REGULAR,USD
1,NVDA260116C00001000,2025-08-29 16:46:46+00:00,1.0,173.75,172.05,174.45,-5.4900055,-3.0629354,1745.0,5835.0,3.6562508593750005,True,REGULAR,USD
2,NVDA260116C00001500,2025-08-28 18:57:19+00:00,1.5,180.03,170.15,174.2,0.0,0.0,1039.0,1520.0,0.0,True,REGULAR,USD
3,NVDA260116C00002000,2025-08-29 16:49:18+00:00,2.0,172.52,171.0,173.35,-6.050003,-3.3880286,96.0,7862.0,5.699221625976563,True,REGULAR,USD
4,NVDA260116C00002500,2025-08-26 19:25:39+00:00,2.5,179.38,169.2,174.35,0.0,0.0,16.0,62.0,2.9609400976562497,True,REGULAR,USD
5,NVDA260116C00003000,2025-08-29 19:56:11+00:00,3.0,171.0,168.65,173.95,-7.399994,-4.147979,50.0,1760.0,2.8945340136718753,True,REGULAR,USD
6,NVDA260116C00003500,2025-08-21 17:55:14+00:00,3.5,171.19,168.2,173.35,0.0,0.0,1.0,8.0,2.6718783203125005,True,REGULAR,USD
7,NVDA260116C00004000,2025-08-12 14:20:57+00:00,4.0,176.86,167.7,172.85,0.0,0.0,1.0,31.0,2.56250359375,True,REGULAR,USD
8,NVDA260116C00004500,2025-08-19 14:49:07+00:00,4.5,173.28,167.2,172.4,0.0,0.0,,1.0,2.5468786328124997,True,REGULAR,USD
9,NVDA260116C00005000,2025-08-19 14:49:43+00:00,5.0,172.91,166.8,171.85,0.0,0.0,1.0,908.0,2.5273474316406244,True,REGULAR,USD
10,NVDA260116C00005500,2025-08-19 14:50:47+00:00,5.5,172.51,166.25,171.4,0.0,0.0,,171.0,2.4492226269531248,True,REGULAR,USD
11,NVDA260116C00006000,2025-08-28 16:26:26+00:00,6.0,173.9,165.75,170.9,0.0,0.0,1.0,471.0,2.3750040624999995,True,REGULAR,USD
12,NVDA260116C00007000,2025-08-12 18:32:38+00:00,7.0,176.0,164.75,169.9,0.0,0.0,1.0,313.0,2.253910615234375,True,REGULAR,USD
13,NVDA260116C00008000,2025-08-21 17:07:41+00:00,8.0,167.29,163.8,168.95,0.0,0.0,2.0,140.0,2.2382856542968748,True,REGULAR,USD
14,NVDA260116C00009000,2025-07-29 14:05:40+00:00,9.0,170.3,0.0,0.0,0.0,0.0,2.0,219.0,1.0000000000000003e-05,True,REGULAR,USD
15,NVDA260116C00010000,2025-08-29 15:19:39+00:00,10.0,165.0,163.2,165.55,-6.470001,-3.7732556,2.0,15607.0,2.0566454833984373,True,REGULAR,USD
16,NVDA260116C00011000,2025-04-28 13:38:17+00:00,11.0,97.85,124.45,125.4,0.0,0.0,1.0,36.0,1.0000000000000003e-05,True,REGULAR,USD
17,NVDA260116C00012000,2025-08-26 15:50:21+00:00,12.0,169.48,159.85,165.0,0.0,0.0,1.0,157.0,1.9765626171875001,True,REGULAR,USD
18,NVDA260116C00013000,2025-06-06 13:30:56+00:00,13.0,129.83,145.45,147.45,0.0,0.0,1.0,0.0,1.0000000000000003e-05,True,REGULAR,USD
19,NVDA260116C00014000,2025-06-26 13:58:20+00:00,14.0,141.65,158.95,160.95,0.0,0.0,50.0,292.0,2.2343794140624995,True,REGULAR,USD
20,NVDA260116C00015000,2025-08-29 16:31:43+00:00,15.0,159.94,157.0,162.0,33.240005,26.235205,2.0,568.0,1.8701178369140625,True,REGULAR,USD
21,NVDA260116C00016000,2025-04-14 13:51:29+00:00,16.0,97.9,0.0,0.0,0.0,0.0,1.0,0.0,1.0000000000000003e-05,True,REGULAR,USD
22,NVDA260116C00017000,2025-07-17 19:11:36+00:00,17.0,157.0,162.3,165.85,0.0,0.0,1.0,470.0,3.7446295446777342,True,REGULAR,USD
23,NVDA260116C00018000,2025-08-26 18:48:22+00:00,18.0,164.57,153.95,159.1,0.0,0.0,40.0,589.0,1.7421887890624999,True,REGULAR,USD
24,NVDA260116C00019000,2025-08-22 18:37:39+00:00,19.0,159.22,152.95,158.1,0.0,0.0,3.0,366.0,1.6982436962890626,True,REGULAR,USD
25,NVDA260116C00020000,2025-08-28 17:08:52+00:00,20.0,161.0,152.05,157.05,0.0,0.0,3.0,1165.0,1.6748063134765625,True,REGULAR,USD
26,NVDA260116C00021000,2025-08-11 19:09:15+00:00,21.0,162.45,151.0,156.15,0.0,0.0,2.0,554.0,1.65234548828125,True,REGULAR,USD
27,NVDA260116C00022000,2025-08-27 19:10:08+00:00,22.0,161.26,150.05,155.15,0.0,0.0,10.0,491.0,1.6298846630859374,True,REGULAR,USD
28,NVDA260116C00023000,2025-08-26 19:58:28+00:00,23.0,159.3,149.05,154.2,0.0,0.0,110.0,478.0,1.6084003955078123,True,REGULAR,USD
29,NVDA260116C00024000,2025-08-29 17:09:40+00:00,24.0,153.93,149.4,151.9,-4.380005,-2.7667267,100.0,1169.0,1.5869161279296873,True,REGULAR,USD
30,NVDA260116C00025000,2025-08-27 14:58:50+00:00,25.0,157.34,147.1,152.15,0.0,0.0,10.0,1095.0,1.5400413623046876,True,REGULAR,USD
31,NVDA260116C00026000,2025-08-26 15:18:58+00:00,26.0,155.85,146.1,151.25,0.0,0.0,9.0,381.0,1.5341820166015623,True,REGULAR,USD
32,NVDA260116C00027000,2025-08-20 14:33:43+00:00,27.0,143.87,145.1,150.25,0.0,0.0,1.0,826.0,1.5029321728515623,True,REGULAR,USD
33,NVDA260116C00028000,2025-08-11 13:55:07+00:00,28.0,155.08,144.1,149.25,0.0,0.0,6.0,146.0,1.4736354443359376,True,REGULAR,USD
34,NVDA260116C00029000,2025-06-12 16:03:56+00:00,29.0,116.34,134.7,138.0,0.0,0.0,5.0,200.0,1.0000000000000003e-05,True,REGULAR,USD
35,NVDA260116C00030000,2025-08-22 18:55:00+00:00,30.0,148.65,142.2,147.25,0.0,0.0,4.0,1804.0,1.439455927734375,True,REGULAR,USD
36,NVDA260116C00031000,2025-08-18 19:09:30+00:00,31.0,152.37,141.15,146.05,0.0,0.0,2.0,273.0,1.3554719726562499,True,REGULAR,USD
37,NVDA260116C00031500,2025-08-21 15:42:52+00:00,31.5,144.6,140.7,145.85,0.0,0.0,5.0,188.0,1.419924775390625,True,REGULAR,USD
38,NVDA260116C00032000,2025-08-21 15:42:52+00:00,32.0,144.1,140.2,145.35,0.0,0.0,5.0,192.0,1.4067412475585939,True,REGULAR,USD
39,NVDA260116C00032500,2025-08-21 15:12:05+00:00,32.5,143.6,139.75,144.85,0.0,0.0,5.0,727.0,1.4033232958984376,True,REGULAR,USD
40,NVDA260116C00033000,2025-08-21 15:12:05+00:00,33.0,143.1,139.3,144.35,0.0,0.0,1.0,428.0,1.400393623046875,True,REGULAR,USD
41,NVDA260116C00033500,2025-06-04 15:49:59+00:00,33.5,108.96,125.7,127.35,0.0,0.0,10.0,139.0,1.0000000000000003e-05,True,REGULAR,USD
42,NVDA260116C00034000,2025-01-27 15:09:12+00:00,34.0,92.95,91.45,93.95,0.0,0.0,40.0,274.0,1.0000000000000003e-05,True,REGULAR,USD
43,NVDA260116C00034500,2025-07-15 15:14:14+00:00,34.5,137.67,0.0,0.0,0.0,0.0,1.0,147.0,1.0000000000000003e-05,True,REGULAR,USD
44,NVDA260116C00035000,2025-08-29 19:33:06+00:00,35.0,140.4,137.3,142.35,-6.3700104,-4.340131,2.0,1271.0,1.3505891845703122,True,REGULAR,USD
45,NVDA260116C00035500,2025-08-27 19:40:48+00:00,35.5,147.75,136.8,141.9,0.0,0.0,1.0,259.0,1.3476595117187498,True,REGULAR,USD
46,NVDA260116C00036000,2025-08-21 15:07:36+00:00,36.0,140.6,136.25,141.4,0.0,0.0,4.0,852.0,1.3271518017578123,True,REGULAR,USD
47,NVDA260116C00036500,2025-06-20 17:25:20+00:00,36.5,108.52,135.75,137.95,0.0,0.0,15.0,97.0,1.150394873046875,True,REGULAR,USD
48,NVDA260116C00037000,2025-08-21 15:07:36+00:00,37.0,139.61,135.3,140.45,0.0,0.0,4.0,599.0,1.3212924560546875,True,REGULAR,USD
49,NVDA260116C00037500,2025-06-17 15:56:17+00:00,37.5,108.4,134.7,137.8,0.0,0.0,1.0,334.0,1.4301786303710937,True,REGULAR,USD
50,NVDA260116C00038000,2025-08-22 18:19:57+00:00,38.0,141.06,134.3,139.45,0.0,0.0,1.0,700.0,1.2993199096679686,True,REGULAR,USD
51,NVDA260116C00038500,2025-04-23 15:32:08+00:00,38.5,66.5,93.45,95.5,0.0,0.0,1.0,335.0,1.0000000000000003e-05,True,REGULAR,USD
52,NVDA260116C00039000,2025-08-08 19:33:57+00:00,39.0,144.74,133.35,137.15,0.0,0.0,200.0,881.0,0.93164130859375,True,REGULAR,USD
53,NVDA260116C00039500,2025-04-07 15:23:40+00:00,39.5,57.87,78.4,79.4,0.0,0.0,10.0,450.0,1.0000000000000003e-05,True,REGULAR,USD
54,NVDA260116C00040000,2025-08-29 13:53:31+00:00,40.0,136.5,133.7,136.15,-4.300003,-3.0539794,1.0,7149.0,1.2714880175781247,True,REGULAR,USD
55,NVDA260116C00040500,2025-06-06 18:07:46+00:00,40.5,103.42,123.05,124.05,0.0,0.0,2.0,1093.0,1.0000000000000003e-05,True,REGULAR,USD
56,NVDA260116C00041000,2025-08-21 17:58:39+00:00,41.0,134.26,132.5,135.75,0.0,0.0,1.0,2054.0,1.3056675341796873,True,REGULAR,USD
57,NVDA260116C00041500,2025-08-28 18:30:42+00:00,41.5,139.9,130.85,136.0,0.0,0.0,10.0,1263.0,1.2407264526367183,True,REGULAR,USD
58,NVDA260116C00042000,2025-08-19 17:09:11+00:00,42.0,135.0,131.7,134.0,0.0,0.0,1.0,4345.0,1.2080117724609374,True,REGULAR,USD
59,NVDA260116C00042500,2025-08-11 14:37:41+00:00,42.5,142.0,129.85,135.05,0.0,0.0,1.0,2042.0,1.2280312036132814,True,REGULAR,USD
60,NVDA260116C00043000,2025-07-31 14:12:10+00:00,43.0,139.2,129.45,134.6,0.0,0.0,3.0,3011.0,1.2382850585937497,True,REGULAR,USD
61,NVDA260116C00043500,2025-06-25 19:12:30+00:00,43.5,112.2,130.1,132.1,0.0,0.0,5.0,2715.0,1.0927779736328125,True,REGULAR,USD
62,NVDA260116C00044000,2025-08-19 13:34:17+00:00,44.0,138.13,128.4,133.65,0.0,0.0,1.0,1579.0,1.21875390625,True,REGULAR,USD
63,NVDA260116C00044500,2025-06-05 18:09:53+00:00,44.5,97.79,115.3,116.65,0.0,0.0,160.0,0.0,1.0000000000000003e-05,True,REGULAR,USD
64,NVDA260116C00045000,2025-08-28 17:06:55+00:00,45.0,135.47,128.8,131.2,0.0,0.0,20.0,8253.0,1.193363408203125,True,REGULAR,USD
65,NVDA260116C00045500,2025-08-27 14:21:39+00:00,45.5,137.0,127.0,131.95,0.0,0.0,2.0,1046.0,1.1772502075195312,True,REGULAR,USD
66,NVDA260116C00046000,2025-08-26 15:09:17+00:00,46.0,136.28,126.45,131.6,0.0,0.0,1.0,2192.0,1.1811564379882813,True,REGULAR,USD
67,NVDA260116C00046500,2025-08-26 17:43:41+00:00,46.5,135.89,126.0,131.1,0.0,0.0,1.0,713.0,1.1782267651367184,True,REGULAR,USD
68,NVDA260116C00047000,2025-08-04 14:31:12+00:00,47.0,131.95,125.45,130.65,0.0,0.0,3.0,1152.0,1.1689494677734376,True,REGULAR,USD
69,NVDA260116C00047500,2025-08-07 18:29:21+00:00,47.5,133.22,125.0,130.15,0.0,0.0,15.0,1042.0,1.1660197949218751,True,REGULAR,USD
70,NVDA260116C00048000,2025-08-06 19:24:16+00:00,48.0,133.0,125.8,128.3,0.0,0.0,20.0,8065.0,1.1508831518554685,True,REGULAR,USD
71,NVDA260116C00048500,2025-07-25 18:13:44+00:00,48.5,126.11,129.25,132.45,0.0,0.0,4.0,8816.0,1.7382825585937498,True,REGULAR,USD
72,NVDA260116C00049000,2025-08-04 13:37:52+00:00,49.0,128.3,124.3,126.5,0.0,0.0,10.0,729.0,0.913086806640625,True,REGULAR,USD
73,NVDA260116C00049500,2025-05-28 19:08:42+00:00,49.5,89.5,108.75,110.35,0.0,0.0,10.0,10221.0,1.0000000000000003e-05,True,REGULAR,USD
74,NVDA260116C00050000,2025-08-29 19:33:35+00:00,50.0,125.15,124.95,126.7,-7.6200027,-5.73925,2.0,30046.0,1.2668493688964841,True,REGULAR,USD
75,NVDA260116C00050500,2025-07-31 14:28:28+00:00,50.5,132.0,124.35,126.1,0.0,0.0,1.0,10912.0,1.2404823132324214,True,REGULAR,USD
76,NVDA260116C00051000,2025-08-20 14:59:01+00:00,51.0,119.8,122.65,125.3,0.0,0.0,5.0,525.0,1.0815475610351561,True,REGULAR,USD
77,NVDA260116C00051500,2025-07-22 13:55:03+00:00,51.5,114.9,0.0,0.0,0.0,0.0,6.0,361.0,1.0000000000000003e-05,True,REGULAR,USD
78,NVDA260116C00052000,2025-08-07 19:06:55+00:00,52.0,129.06,121.4,123.85,0.0,0.0,5.0,1477.0,0.96679720703125,True,REGULAR,USD
79,NVDA260116C00052500,2025-08-11 14:18:41+00:00,52.5,131.3,121.8,124.9,0.0,0.0,3.0,372.0,1.2241249731445314,True,REGULAR,USD
80,NVDA260116C00053000,2025-08-22 19:58:21+00:00,53.0,126.08,120.95,123.75,0.0,0.0,1.0,1009.0,1.12891060546875,True,REGULAR,USD
81,NVDA260116C00053500,2025-08-07 14:59:10+00:00,53.5,129.27,119.7,123.6,0.0,0.0,1.0,1672.0,1.080571003417969,True,REGULAR,USD
82,NVDA260116C00054000,2025-08-20 14:23:12+00:00,54.0,117.85,119.95,123.05,0.0,0.0,2.0,631.0,1.1396527392578126,True,REGULAR,USD
83,NVDA260116C00054500,2025-08-21 16:19:34+00:00,54.5,122.6,118.65,122.7,0.0,0.0,1.0,1306.0,1.0698288696289064,True,REGULAR,USD
84,NVDA260116C00055000,2025-08-27 19:28:04+00:00,55.0,121.0,119.25,121.7,-6.550003,-5.1352434,1.0,9122.0,1.1184126110839845,True,REGULAR,USD
85,NVDA260116C00055500,2025-08-12 19:32:11+00:00,55.5,128.68,119.4,121.3,0.0,0.0,2.0,960.0,1.1711467224121095,True,REGULAR,USD
86,NVDA260116C00056000,2025-08-28 14:20:06+00:00,56.0,123.45,118.9,121.05,0.0,0.0,1.0,3358.0,1.1811564379882813,True,REGULAR,USD
87,NVDA260116C00056500,2025-08-21 18:51:27+00:00,56.5,119.44,116.6,120.2,0.0,0.0,1.0,158.0,0.9790041162109376,True,REGULAR,USD
88,NVDA260116C00057000,2025-08-29 17:55:25+00:00,57.0,118.28,116.2,119.5,51.379997,76.80119,2.0,880.0,0.9599613378906249,True,REGULAR,USD
89,NVDA260116C00057500,2025-08-21 18:51:27+00:00,57.5,118.54,116.1,120.4,0.0,0.0,1.0,432.0,1.1225629809570314,True,REGULAR,USD
90,NVDA260116C00058000,2025-08-22 16:23:01+00:00,58.0,120.76,116.05,118.75,0.0,0.0,1.0,3428.0,1.0576218994140625,True,REGULAR,USD
91,NVDA260116C00058500,2025-08-22 16:23:01+00:00,58.5,120.35,115.25,117.55,0.0,0.0,1.0,457.0,0.9506840869140624,True,REGULAR,USD
92,NVDA260116C00059000,2025-08-13 14:01:52+00:00,59.0,124.97,114.15,117.1,0.0,0.0,2.0,462.0,0.8710950390625,True,REGULAR,USD
93,NVDA260116C00059500,2025-08-27 15:54:47+00:00,59.5,123.83,113.85,117.15,0.0,0.0,5.0,873.0,0.9592289233398437,True,REGULAR,USD
94,NVDA260116C00060000,2025-08-28 15:38:36+00:00,60.0,122.2,114.2,116.65,0.0,0.0,1.0,7980.0,1.031743122558594,True,REGULAR,USD
95,NVDA260116C00060500,2025-08-27 15:53:12+00:00,60.5,122.45,113.6,117.25,0.0,0.0,2.0,504.0,1.1001021557617188,True,REGULAR,USD
96,NVDA260116C00061000,2025-08-29 19:58:10+00:00,61.0,114.19,113.3,114.85,-7.2999954,-6.0087214,33.0,1169.0,0.9538578833007811,True,REGULAR,USD
97,NVDA260116C00062000,2025-08-29 19:59:50+00:00,62.0,113.2,112.4,114.6,-7.300003,-6.058094,33.0,3127.0,1.0146533642578124,True,REGULAR,USD
98,NVDA260116C00063000,2025-08-29 19:39:48+00:00,63.0,112.98,110.7,113.35,-2.899994,-2.5025837,10.0,1617.0,0.9169930175781251,True,REGULAR,USD
99,NVDA260116C00064000,2025-08-29 19:37:43+00:00,64.0,111.51,111.0,112.8,-7.7299957,-6.4827204,16.0,3662.0,1.0434618139648442,True,REGULAR,USD
100,NVDA260116C00065000,2025-08-29 19:38:27+00:00,65.0,110.16,110.15,111.8,-5.579994,-4.821146,36.0,4516.0,1.0385790258789065,True,REGULAR,USD
101,NVDA260116C00066000,2025-08-29 19:38:48+00:00,66.0,109.55,107.25,111.0,-5.119995,-4.4649825,38.0,1385.0,0.8969736865234373,True,REGULAR,USD
102,NVDA260116C00067000,2025-08-29 19:39:48+00:00,67.0,108.51,107.25,109.3,-5.1800003,-4.5562496,34.0,2177.0,0.9099130102539061,True,REGULAR,USD
103,NVDA260116C00068000,2025-08-29 19:45:10+00:00,68.0,108.34,106.7,108.15,-5.800003,-5.0814815,20.0,8522.0,0.9204109521484375,True,REGULAR,USD
104,NVDA260116C00069000,2025-08-29 19:45:10+00:00,69.0,107.36,105.8,107.1,-5.800003,-5.1254888,25.0,6161.0,0.9113778393554688,True,REGULAR,USD
105,NVDA260116C00070000,2025-08-29 19:13:57+00:00,70.0,105.3,105.1,106.25,-7.489998,-6.640658,19.0,11321.0,0.9299323413085938,True,REGULAR,USD
106,NVDA260116C00071000,2025-08-29 19:13:57+00:00,71.0,104.32,103.7,105.85,-6.6500015,-5.992612,26.0,5242.0,0.9299323413085938,True,REGULAR,USD
107,NVDA260116C00072000,2025-08-29 18:55:32+00:00,72.0,103.57,102.05,104.3,-6.419998,-5.836893,20.0,2399.0,0.8317887915039062,True,REGULAR,USD
108,NVDA260116C00073000,2025-08-29 18:47:12+00:00,73.0,103.29,101.85,104.3,-4.5899963,-4.254724,12.0,5860.0,0.9399420068359375,True,REGULAR,USD
109,NVDA260116C00074000,2025-08-29 18:47:12+00:00,74.0,102.31,100.2,103.6,-4.590004,-4.293736,18.0,1364.0,0.9067392138671875,True,REGULAR,USD
110,NVDA260116C00075000,2025-08-29 18:45:15+00:00,75.0,100.31,99.55,102.05,-6.4900055,-6.076784,14.0,4277.0,0.8823253955078124,True,REGULAR,USD
111,NVDA260116C00076000,2025-08-29 19:00:13+00:00,76.0,99.38,98.3,100.15,-7.300003,-6.842898,8.0,1563.0,0.7934590966796875,True,REGULAR,USD
112,NVDA260116C00077000,2025-08-29 19:12:09+00:00,77.0,98.4,97.65,99.45,-7.290001,-6.8975315,8.0,4727.0,0.8271501660156249,True,REGULAR,USD
113,NVDA260116C00078000,2025-08-29 18:25:27+00:00,78.0,97.61,96.05,98.25,-6.3399963,-6.099083,4.0,2448.0,0.7602563037109377,True,REGULAR,USD
114,NVDA260116C00079000,2025-08-29 19:06:02+00:00,79.0,96.58,95.1,98.75,-6.290001,-6.1145144,15.0,1656.0,0.8483901879882811,True,REGULAR,USD
115,NVDA260116C00080000,2025-08-29 19:06:02+00:00,80.0,95.6,95.15,96.4,-7.630005,-7.3912663,47.0,35688.0,0.8198260205078124,True,REGULAR,USD
116,NVDA260116C00081000,2025-08-29 18:53:47+00:00,81.0,94.95,93.75,95.4,-6.810005,-6.6922216,14.0,13385.0,0.7849142602539063,True,REGULAR,USD
117,NVDA260116C00082000,2025-08-29 18:15:00+00:00,82.0,93.67,93.55,95.5,-7.5999985,-7.5046887,8.0,2073.0,0.872926075439453,True,REGULAR,USD
118,NVDA260116C00083000,2025-08-29 19:03:39+00:00,83.0,93.03,91.55,94.55,-6.9100037,-6.914152,22.0,2586.0,0.8149432568359375,True,REGULAR,USD
119,NVDA260116C00084000,2025-08-29 18:52:19+00:00,84.0,92.05,91.25,93.45,-6.909996,-6.9826155,22.0,3772.0,0.8327653442382811,True,REGULAR,USD
120,NVDA260116C00085000,2025-08-29 18:58:57+00:00,85.0,90.61,90.15,92.3,-7.1800003,-7.342264,9.0,3247.0,0.8095722167968749,True,REGULAR,USD
121,NVDA260116C00086000,2025-08-29 18:58:57+00:00,86.0,89.62,89.3,91.3,-7.449997,-7.6748705,8.0,5034.0,0.8051777294921875,True,REGULAR,USD
122,NVDA260116C00087000,2025-08-29 18:16:27+00:00,87.0,88.47,87.45,89.75,-7.619995,-7.9300604,12.0,3215.0,0.7233914379882812,True,REGULAR,USD
123,NVDA260116C00088000,2025-08-29 18:16:27+00:00,88.0,87.49,87.8,89.45,-7.6500015,-8.040784,19.0,4776.0,0.8112811840820311,True,REGULAR,USD
124,NVDA260116C00089000,2025-08-29 18:12:13+00:00,89.0,86.75,85.8,89.0,-7.080002,-7.5455627,14.0,1378.0,0.7807639111328125,True,REGULAR,USD
125,NVDA260116C00090000,2025-08-29 18:05:40+00:00,90.0,85.86,85.25,86.6,-6.699997,-7.2385445,19.0,12074.0,0.7260769580078125,True,REGULAR,USD
126,NVDA260116C00091000,2025-08-29 17:33:54+00:00,91.0,85.44,84.4,87.1,-7.0599976,-7.63243,6.0,1378.0,0.7878439184570312,True,REGULAR,USD
127,NVDA260116C00092000,2025-08-29 18:03:56+00:00,92.0,84.27,83.05,84.75,-7.25,-7.921766,8.0,8703.0,0.70312796875,True,REGULAR,USD
128,NVDA260116C00093000,2025-08-26 18:43:34+00:00,93.0,91.45,82.0,83.75,0.0,0.0,10.0,2095.0,0.6906769213867189,True,REGULAR,USD
129,NVDA260116C00094000,2025-08-29 16:25:15+00:00,94.0,82.7,81.45,83.25,-9.800003,-10.594598,1.0,4716.0,0.7229031616210937,True,REGULAR,USD
130,NVDA260116C00095000,2025-08-29 19:43:19+00:00,95.0,81.55,81.2,82.1,-6.199997,-7.0655236,20.0,4641.0,0.7365748999023438,True,REGULAR,USD
131,NVDA260116C00096000,2025-08-28 13:47:59+00:00,96.0,86.7,79.0,82.0,0.0,0.0,2.0,2809.0,0.7143583251953125,True,REGULAR,USD
132,NVDA260116C00097000,2025-08-29 16:31:06+00:00,97.0,79.69,78.05,81.0,-8.229996,-9.360778,2.0,1515.0,0.7060576269531251,True,REGULAR,USD
133,NVDA260116C00098000,2025-08-29 16:31:06+00:00,98.0,78.7,77.9,80.1,-8.270004,-9.50903,3.0,2751.0,0.7309597216796875,True,REGULAR,USD
134,NVDA260116C00099000,2025-08-27 18:09:09+00:00,99.0,78.49,76.55,79.5,-7.0699997,-8.263207,1.0,3231.0,0.7221707470703125,True,REGULAR,USD
135,NVDA260116C00100000,2025-08-29 19:57:17+00:00,100.0,76.5,76.45,77.2,-6.449997,-7.775765,220.0,84844.0,0.6977569287109376,True,REGULAR,USD
136,NVDA260116C00101000,2025-08-29 15:09:57+00:00,101.0,76.18,75.45,76.35,-7.790001,-9.277124,1.0,3262.0,0.6927520959472657,True,REGULAR,USD
137,NVDA260116C00102000,2025-08-29 15:09:57+00:00,102.0,75.37,74.15,75.25,-6.7299957,-8.197315,6.0,2915.0,0.6685824157714846,True,REGULAR,USD
138,NVDA260116C00103000,2025-08-27 19:55:23+00:00,103.0,80.83,73.25,75.25,0.0,0.0,5.0,2918.0,0.6959258923339844,True,REGULAR,USD
139,NVDA260116C00104000,2025-08-27 18:18:40+00:00,104.0,73.87,71.3,74.0,-7.419998,-9.127811,1.0,2308.0,0.645389288330078,True,REGULAR,USD
140,NVDA260116C00105000,2025-08-29 17:35:57+00:00,105.0,71.4,71.6,72.35,-3.949997,-5.242199,19.0,8235.0,0.6577182666015625,True,REGULAR,USD
141,NVDA260116C00106000,2025-08-29 14:39:26+00:00,106.0,71.23,69.75,71.5,-6.919998,-8.854764,3.0,1225.0,0.6243934045410158,True,REGULAR,USD
142,NVDA260116C00107000,2025-08-27 18:20:27+00:00,107.0,78.32,68.8,70.5,0.0,0.0,6.0,1934.0,0.6165809826660158,True,REGULAR,USD
143,NVDA260116C00108000,2025-08-29 16:29:50+00:00,108.0,69.06,67.4,70.6,-8.310005,-10.740603,14.0,1416.0,0.6301306518554688,True,REGULAR,USD
144,NVDA260116C00109000,2025-08-29 16:29:50+00:00,109.0,68.21,66.85,69.7,-7.5699997,-9.989443,4.0,961.0,0.6374547973632813,True,REGULAR,USD
145,NVDA260116C00110000,2025-08-29 19:39:31+00:00,110.0,67.31,66.95,67.85,-5.130005,-7.081729,18.0,20907.0,0.6351354846191408,True,REGULAR,USD
146,NVDA260116C00111000,2025-08-29 16:02:53+00:00,111.0,66.25,65.95,67.5,-5.3399963,-7.4591374,20.0,3767.0,0.6440465283203125,True,REGULAR,USD
147,NVDA260116C00112000,2025-08-29 19:54:40+00:00,112.0,64.8,63.95,66.75,-8.459999,-11.54791,50.0,2078.0,0.6129189099121095,True,REGULAR,USD
148,NVDA260116C00113000,2025-08-29 13:45:19+00:00,113.0,64.76,63.55,65.4,-5.6399994,-8.011363,3.0,2265.0,0.6104775280761721,True,REGULAR,USD
149,NVDA260116C00114000,2025-08-28 15:02:45+00:00,114.0,69.1,62.6,64.3,0.0,0.0,2.0,4297.0,0.5994913098144532,True,REGULAR,USD
150,NVDA260116C00115000,2025-08-29 18:54:18+00:00,115.0,62.45,62.3,63.05,-6.049999,-8.832116,13.0,18363.0,0.6022988989257814,True,REGULAR,USD
151,NVDA260116C00116000,2025-08-29 15:13:34+00:00,116.0,62.1,61.3,63.55,-6.3499985,-9.276842,2.0,2175.0,0.6314734118652343,True,REGULAR,USD
152,NVDA260116C00117000,2025-08-29 18:56:43+00:00,117.0,60.65,60.3,61.25,-5.75,-8.659638,5.0,4812.0,0.5886271606445312,True,REGULAR,USD
153,NVDA260116C00118000,2025-08-29 19:46:10+00:00,118.0,59.79,59.4,60.25,-5.279999,-8.114336,8.0,4851.0,0.5816692224121094,True,REGULAR,USD
154,NVDA260116C00119000,2025-08-29 15:37:42+00:00,119.0,59.35,58.65,59.55,-4.0200005,-6.343696,4.0,1483.0,0.5860637097167969,True,REGULAR,USD
155,NVDA260116C00120000,2025-08-29 18:09:21+00:00,120.0,58.2,57.75,58.55,-6.549999,-10.115829,104.0,42375.0,0.5789837023925781,True,REGULAR,USD
156,NVDA260116C00121000,2025-08-29 15:09:32+00:00,121.0,58.0,55.4,57.75,-4.950001,-7.8633842,2.0,2972.0,0.5410202148437502,True,REGULAR,USD
157,NVDA260116C00122000,2025-08-29 14:30:25+00:00,122.0,57.01,54.5,56.65,-2.8400002,-4.7451963,10.0,2359.0,0.5318650329589845,True,REGULAR,USD
158,NVDA260116C00123000,2025-08-29 17:51:05+00:00,123.0,55.2,54.75,55.75,-5.950001,-9.730173,39.0,3463.0,0.5554243676757813,True,REGULAR,USD
159,NVDA260116C00124000,2025-08-28 17:48:22+00:00,124.0,53.95,54.05,56.35,-6.1499977,-10.232942,4.0,3090.0,0.5885050915527343,True,REGULAR,USD
160,NVDA260116C00125000,2025-08-29 19:32:49+00:00,125.0,53.62,53.0,54.15,-6.2299995,-10.409356,165.0,17506.0,0.551457122192383,True,REGULAR,USD
161,NVDA260116C00126000,2025-08-28 18:41:27+00:00,126.0,52.85,50.85,53.15,-6.1500015,-10.423731,1.0,2380.0,0.5160570855712892,True,REGULAR,USD
162,NVDA260116C00127000,2025-08-29 19:57:02+00:00,127.0,51.5,51.25,52.3,-5.9000015,-10.278748,51.0,2434.0,0.5413253875732424,True,REGULAR,USD
163,NVDA260116C00128000,2025-08-29 17:22:15+00:00,128.0,50.57,50.4,52.7,-5.4300003,-9.696429,2.0,2907.0,0.5640912731933594,True,REGULAR,USD
164,NVDA260116C00129000,2025-08-28 13:30:12+00:00,129.0,57.0,49.05,50.7,0.0,0.0,1.0,2910.0,0.5267381311035157,True,REGULAR,USD
165,NVDA260116C00130000,2025-08-29 19:43:18+00:00,130.0,48.93,48.95,50.3,-6.290001,-11.390801,229.0,33781.0,0.5477340148925782,True,REGULAR,USD
166,NVDA260116C00132000,2025-08-29 18:11:09+00:00,132.0,47.0,47.4,47.95,-6.75,-12.55814,12.0,6566.0,0.530400203857422,True,REGULAR,USD
167,NVDA260116C00134000,2025-08-29 15:49:19+00:00,134.0,45.7,45.5,46.4,-6.200001,-11.946052,2.0,4869.0,0.5216112292480468,True,REGULAR,USD
168,NVDA260116C00135000,2025-08-29 19:53:40+00:00,135.0,44.69,44.95,45.3,-6.330002,-12.406902,117.0,15480.0,0.5184984674072266,True,REGULAR,USD
169,NVDA260116C00136000,2025-08-29 18:26:19+00:00,136.0,43.8,44.0,44.55,-6.450001,-12.835823,11.0,4601.0,0.5142870837402342,True,REGULAR,USD
170,NVDA260116C00138000,2025-08-29 16:32:29+00:00,138.0,42.76,42.2,43.0,-5.2400017,-10.916671,30.0,4875.0,0.5064136273193358,True,REGULAR,USD
171,NVDA260116C00140000,2025-08-29 19:50:25+00:00,140.0,40.9,40.75,41.45,-5.549999,-11.94833,356.0,60621.0,0.5039112109375,True,REGULAR,USD
172,NVDA260116C00142000,2025-08-29 15:55:57+00:00,142.0,39.2,39.2,39.65,-6.0,-13.274336,20.0,3473.0,0.5022022436523439,True,REGULAR,USD
173,NVDA260116C00144000,2025-08-29 15:03:36+00:00,144.0,37.45,37.7,38.25,-6.3099976,-14.419556,20.0,6449.0,0.5012256909179689,True,REGULAR,USD
174,NVDA260116C00145000,2025-08-29 19:11:00+00:00,145.0,37.11,36.95,37.5,-5.2700005,-12.435111,88.0,19027.0,0.49884534362792965,True,REGULAR,USD
175,NVDA260116C00146000,2025-08-29 17:12:31+00:00,146.0,35.99,36.2,36.65,-6.1799965,-14.65496,26.0,3774.0,0.493291199951172,True,REGULAR,USD
176,NVDA260116C00148000,2025-08-29 15:29:31+00:00,148.0,35.24,34.7,35.1,-4.8099976,-12.009982,5.0,9043.0,0.48627222717285157,True,REGULAR,USD
177,NVDA260116C00150000,2025-08-29 19:56:58+00:00,150.0,33.1,33.2,34.0,-5.4000015,-14.025977,486.0,44367.0,0.4916432672119141,True,REGULAR,USD
178,NVDA260116C00152000,2025-08-29 18:02:16+00:00,152.0,31.7,31.75,32.15,-4.91,-13.411635,5.0,10995.0,0.47485876708984376,True,REGULAR,USD
179,NVDA260116C00154000,2025-08-29 18:52:57+00:00,154.0,30.3,30.15,30.8,-4.6500015,-13.304726,33.0,2999.0,0.47162393615722653,True,REGULAR,USD
180,NVDA260116C00155000,2025-08-29 19:50:16+00:00,155.0,29.55,29.5,30.0,-5.0200005,-14.521262,112.0,8203.0,0.46631393066406257,True,REGULAR,USD
181,NVDA260116C00156000,2025-08-29 19:56:21+00:00,156.0,28.85,28.55,29.3,-3.8500004,-11.773701,9.0,7830.0,0.46362841064453125,True,REGULAR,USD
182,NVDA260116C00158000,2025-08-29 17:52:27+00:00,158.0,27.39,27.35,27.95,-5.1500015,-15.82668,22.0,4538.0,0.45898978515625005,True,REGULAR,USD
183,NVDA260116C00160000,2025-08-29 19:58:06+00:00,160.0,26.35,26.3,26.6,-4.6000004,-14.862682,686.0,42019.0,0.45361874511718747,True,REGULAR,USD
184,NVDA260116C00162000,2025-08-29 18:56:43+00:00,162.0,25.0,25.0,25.35,-5.200001,-17.218546,20.0,5204.0,0.45013977600097654,True,REGULAR,USD
185,NVDA260116C00164000,2025-08-29 15:08:39+00:00,164.0,23.87,23.7,24.1,-4.299999,-15.264463,40.0,3689.0,0.4458978750610352,True,REGULAR,USD
186,NVDA260116C00165000,2025-08-29 19:49:40+00:00,165.0,23.22,23.15,23.5,-4.5300007,-16.324326,585.0,17966.0,0.4441278732299804,True,REGULAR,USD
187,NVDA260116C00166000,2025-08-29 19:44:27+00:00,166.0,22.85,22.6,23.05,-4.279999,-15.775889,48.0,2140.0,0.4458063232421875,True,REGULAR,USD
188,NVDA260116C00167000,2025-08-29 19:47:04+00:00,167.0,22.26,21.95,22.35,-4.199999,-15.873012,25.0,5546.0,0.44122873229980464,True,REGULAR,USD
189,NVDA260116C00168000,2025-08-29 17:18:59+00:00,168.0,21.05,21.4,21.75,-4.91,-18.913713,39.0,3129.0,0.43884838500976564,True,REGULAR,USD
190,NVDA260116C00169000,2025-08-29 17:56:47+00:00,169.0,20.82,20.85,21.3,-2.6800003,-11.404257,120.0,1905.0,0.43994700683593746,True,REGULAR,USD
191,NVDA260116C00170000,2025-08-29 19:59:08+00:00,170.0,20.25,20.3,20.6,-4.3999996,-17.849897,1085.0,25749.0,0.4348201049804688,True,REGULAR,USD
192,NVDA260116C00171000,2025-08-29 19:33:17+00:00,171.0,19.77,19.75,20.1,-4.379999,-18.136642,197.0,1465.0,0.4343013113403321,True,REGULAR,USD
193,NVDA260116C00172000,2025-08-29 19:27:09+00:00,172.0,19.2,19.05,19.65,-4.699999,-19.665268,108.0,2573.0,0.4347590704345704,True,REGULAR,USD
194,NVDA260116C00173000,2025-08-29 19:49:35+00:00,173.0,18.65,18.5,19.05,-3.1000004,-14.252875,137.0,2498.0,0.4314632049560547,True,REGULAR,USD
195,NVDA260116C00174000,2025-08-29 19:59:19+00:00,174.0,18.12,18.0,18.55,-3.33,-15.524475,588.0,1661.0,0.4303645831298829,True,REGULAR,USD
196,NVDA260116C00175000,2025-08-29 19:59:15+00:00,175.0,17.65,17.55,17.8,-4.0200005,-18.550993,2220.0,19616.0,0.4232235412597656,False,REGULAR,USD
197,NVDA260116C00176000,2025-08-29 19:46:31+00:00,176.0,17.05,17.1,17.35,-4.4000015,-20.512827,1432.0,2234.0,0.4229183685302734,False,REGULAR,USD
198,NVDA260116C00177000,2025-08-29 19:37:52+00:00,177.0,16.45,16.35,16.85,-4.0999985,-19.951332,138.0,1674.0,0.4212094012451172,False,REGULAR,USD
199,NVDA260116C00178000,2025-08-29 19:59:24+00:00,178.0,16.1,16.15,16.35,-3.7999992,-19.095474,169.0,3546.0,0.41937836486816404,False,REGULAR,USD
200,NVDA260116C00179000,2025-08-29 19:57:17+00:00,179.0,15.65,15.65,15.9,-3.710001,-19.163227,747.0,5420.0,0.4184628466796875,False,REGULAR,USD
201,NVDA260116C00180000,2025-08-29 19:59:36+00:00,180.0,15.2,15.2,15.45,-3.4499998,-18.49866,2470.0,55798.0,0.41736422485351554,False,REGULAR,USD
202,NVDA260116C00181000,2025-08-29 19:44:35+00:00,181.0,14.93,14.8,14.95,-3.4300003,-18.681917,339.0,3639.0,0.4149228430175781,False,REGULAR,USD
203,NVDA260116C00182000,2025-08-29 19:48:40+00:00,182.0,14.3,14.35,14.5,-3.5299997,-19.798092,285.0,6147.0,0.41345801391601555,False,REGULAR,USD
204,NVDA260116C00183000,2025-08-29 19:59:14+00:00,183.0,13.9,13.8,14.05,-3.7000008,-21.022732,164.0,3158.0,0.41177956390380854,False,REGULAR,USD
205,NVDA260116C00184000,2025-08-29 19:30:46+00:00,184.0,13.55,13.5,13.65,-3.4000006,-20.059,77.0,2205.0,0.41107766662597656,False,REGULAR,USD
206,NVDA260116C00185000,2025-08-29 19:54:45+00:00,185.0,12.95,13.05,13.25,-3.3499994,-20.552145,1091.0,13587.0,0.4101926657104492,False,REGULAR,USD
207,NVDA260116C00186000,2025-08-29 17:53:20+00:00,186.0,12.67,12.55,12.8,-3.4300003,-21.30435,211.0,2832.0,0.407934387512207,False,REGULAR,USD
208,NVDA260116C00187000,2025-08-29 19:37:03+00:00,187.0,12.25,12.15,12.4,-3.1999998,-20.711973,59.0,2875.0,0.40665266204833983,False,REGULAR,USD
209,NVDA260116C00188000,2025-08-29 19:28:15+00:00,188.0,11.83,11.85,12.1,-3.12,-20.869564,303.0,1714.0,0.4075376629638672,False,REGULAR,USD
210,NVDA260116C00189000,2025-08-29 19:57:35+00:00,189.0,11.45,11.5,11.75,-3.1999998,-21.843002,11.0,2700.0,0.4070799038696289,False,REGULAR,USD
211,NVDA260116C00190000,2025-08-29 19:59:43+00:00,190.0,11.13,11.1,11.3,-2.9700003,-21.063831,1389.0,19273.0,0.40405869384765625,False,REGULAR,USD
212,NVDA260116C00191000,2025-08-29 19:44:35+00:00,191.0,10.85,10.75,10.9,-2.7199993,-20.04421,65.0,2097.0,0.40201403656005863,False,REGULAR,USD
213,NVDA260116C00192000,2025-08-29 19:43:35+00:00,192.0,10.5,10.4,10.55,-2.8900003,-21.583273,60.0,1069.0,0.4009459320068359,False,REGULAR,USD
214,NVDA260116C00193000,2025-08-29 19:42:05+00:00,193.0,10.15,9.95,10.2,-2.5,-19.762846,22.0,2896.0,0.3997252410888672,False,REGULAR,USD
215,NVDA260116C00194000,2025-08-29 19:58:29+00:00,194.0,9.75,9.7,9.95,-2.8999996,-22.924898,175.0,7695.0,0.4007628283691406,False,REGULAR,USD
216,NVDA260116C00195000,2025-08-29 19:56:57+00:00,195.0,9.47,9.4,9.5,-2.7799997,-22.693876,1322.0,9220.0,0.39667351379394533,False,REGULAR,USD
217,NVDA260116C00200000,2025-08-29 19:59:53+00:00,200.0,7.95,7.9,8.05,-2.3000002,-22.439026,4243.0,67540.0,0.39325557922363286,False,REGULAR,USD
218,NVDA260116C00205000,2025-08-29 19:54:49+00:00,205.0,6.62,6.6,6.75,-2.1000004,-24.082573,762.0,18529.0,0.3891662646484375,False,REGULAR,USD
219,NVDA260116C00210000,2025-08-29 19:59:58+00:00,210.0,5.6,5.55,5.65,-1.75,-23.809525,877.0,19413.0,0.3860535028076171,False,REGULAR,USD
220,NVDA260116C00212000,2025-08-29 18:58:01+00:00,212.0,5.1,5.15,5.25,-1.8400002,-26.512972,212.0,4284.0,0.38477177734374995,False,REGULAR,USD
221,NVDA260116C00213000,2025-08-29 16:14:32+00:00,213.0,5.1,4.95,5.15,-1.4500003,-22.137407,95.0,1007.0,0.3869079864501953,False,REGULAR,USD
222,NVDA260116C00214000,2025-08-29 19:54:14+00:00,214.0,4.76,4.8,4.9,-1.2399998,-20.666664,29.0,1606.0,0.38434453552246095,False,REGULAR,USD
223,NVDA260116C00215000,2025-08-29 19:52:20+00:00,215.0,4.6,4.6,4.75,-1.6100001,-25.925928,353.0,13921.0,0.3846497082519531,False,REGULAR,USD
224,NVDA260116C00216000,2025-08-29 18:52:33+00:00,216.0,4.45,4.45,4.55,-1.27,-22.202797,15.0,2300.0,0.383245913696289,False,REGULAR,USD
225,NVDA260116C00217000,2025-08-29 15:53:52+00:00,217.0,4.35,4.3,4.4,-1.5,-25.641027,13.0,2092.0,0.3833069482421875,False,REGULAR,USD
226,NVDA260116C00218000,2025-08-29 19:16:51+00:00,218.0,4.11,4.0,4.35,-1.29,-23.888887,52.0,1740.0,0.3864197100830078,False,REGULAR,USD
227,NVDA260116C00219000,2025-08-29 15:15:57+00:00,219.0,3.95,4.0,4.1,-1.55,-28.181818,15.0,1817.0,0.3828797064208984,False,REGULAR,USD
228,NVDA260116C00220000,2025-08-29 19:50:01+00:00,220.0,3.84,3.85,3.95,-1.49,-27.954971,1547.0,13306.0,0.38245246459960935,False,REGULAR,USD
229,NVDA260116C00221000,2025-08-29 19:07:21+00:00,221.0,3.7,3.7,3.8,-1.4100001,-27.592957,78.0,18331.0,0.38184211914062494,False,REGULAR,USD
230,NVDA260116C00222000,2025-08-29 19:28:44+00:00,222.0,3.59,3.55,3.7,-1.1000001,-23.45416,47.0,11069.0,0.38281867187499996,False,REGULAR,USD
231,NVDA260116C00223000,2025-08-29 17:57:06+00:00,223.0,3.4,3.35,3.6,-1.3499999,-28.421051,31.0,1046.0,0.3836731555175781,False,REGULAR,USD
232,NVDA260116C00224000,2025-08-29 18:20:17+00:00,224.0,3.25,3.3,3.45,-1.1799998,-26.636564,44.0,1037.0,0.38269660278320305,False,REGULAR,USD
233,NVDA260116C00225000,2025-08-29 19:57:07+00:00,225.0,3.25,3.2,3.35,-1.0999999,-25.287354,400.0,6548.0,0.3833069482421875,False,REGULAR,USD
234,NVDA260116C00226000,2025-08-29 15:45:28+00:00,226.0,3.15,3.1,3.3,-0.9000001,-22.222223,84.0,2627.0,0.38568729553222647,False,REGULAR,USD
235,NVDA260116C00227000,2025-08-29 19:58:33+00:00,227.0,3.05,2.91,3.1,-0.95000005,-23.750002,38.0,1161.0,0.38233039550781245,False,REGULAR,USD
236,NVDA260116C00228000,2025-08-29 19:56:44+00:00,228.0,2.89,2.81,3.0,-0.9599998,-24.93506,38.0,945.0,0.3825745336914062,False,REGULAR,USD
237,NVDA260116C00230000,2025-08-29 19:59:30+00:00,230.0,2.7,2.64,2.77,-1.03,-27.613941,893.0,13309.0,0.38147591186523433,False,REGULAR,USD
238,NVDA260116C00235000,2025-08-29 18:27:51+00:00,235.0,2.21,2.22,2.32,-0.90999985,-29.166662,513.0,3507.0,0.38147591186523433,False,REGULAR,USD
239,NVDA260116C00240000,2025-08-29 19:58:00+00:00,240.0,1.91,1.89,1.95,-0.64,-25.098038,541.0,7072.0,0.3820862573242187,False,REGULAR,USD
240,NVDA260116C00245000,2025-08-29 19:18:04+00:00,245.0,1.6,1.59,1.64,-0.57000005,-26.26728,11.0,7730.0,0.38281867187499996,False,REGULAR,USD
241,NVDA260116C00250000,2025-08-29 19:58:26+00:00,250.0,1.36,1.37,1.42,-0.46000004,-25.274727,706.0,14863.0,0.38623660644531244,False,REGULAR,USD
242,NVDA260116C00255000,2025-08-29 18:47:09+00:00,255.0,1.13,1.14,1.18,-0.37,-24.666668,18.0,2629.0,0.3859924682617187,False,REGULAR,USD
243,NVDA260116C00260000,2025-08-29 19:58:23+00:00,260.0,0.99,0.96,1.0,-0.29999995,-23.255812,48.0,3723.0,0.3874572973632812,False,REGULAR,USD
244,NVDA260116C00265000,2025-08-29 18:54:15+00:00,265.0,0.83,0.8,0.86,-0.29000002,-25.89286,71.0,1899.0,0.3898986791992188,False,REGULAR,USD
245,NVDA260116C00270000,2025-08-29 19:58:40+00:00,270.0,0.71,0.7,0.75,-0.23000002,-24.468086,157.0,5840.0,0.3931945446777344,False,REGULAR,USD
246,NVDA260116C00275000,2025-08-29 19:52:04+00:00,275.0,0.62,0.61,0.64,-0.19,-23.456789,117.0,8168.0,0.3947814428710938,False,REGULAR,USD
247,NVDA260116C00280000,2025-08-29 19:49:30+00:00,280.0,0.54,0.52,0.55,-0.13,-19.402985,383.0,21351.0,0.3969786865234375,False,REGULAR,USD
248,NVDA260116C00290000,2025-08-29 18:32:39+00:00,290.0,0.4,0.39,0.42,-0.09,-18.367348,12.0,3822.0,0.40259386474609377,False,REGULAR,USD
249,NVDA260116C00300000,2025-08-29 19:54:01+00:00,300.0,0.31,0.3,0.32,-0.06999999,-18.421051,2120.0,32950.0,0.40772076660156253,False,REGULAR,USD
250,NVDA260116C00310000,2025-08-29 17:57:50+00:00,310.0,0.23,0.22,0.25,-0.059999987,-20.689651,559.0,1842.0,0.41358008300781246,False,REGULAR,USD
251,NVDA260116C00315000,2024-02-22 19:36:17+00:00,315.0,501.0,659.5,673.4,0.0,0.0,1.0,12.0,0.0,False,REGULAR,USD
252,NVDA260116C00320000,2025-08-29 17:40:31+00:00,320.0,0.18,0.17,0.18,-0.029999986,-14.285707,58.0,2608.0,0.4145566357421875,False,REGULAR,USD
253,NVDA260116C00325000,2024-01-26 14:32:59+00:00,325.0,333.36,500.15,508.15,0.0,0.0,8.0,80.0,0.0,False,REGULAR,USD
254,NVDA260116C00330000,2025-08-29 16:13:51+00:00,330.0,0.14,0.13,0.15,-0.019999996,-12.499998,78.0,6389.0,0.422857333984375,False,REGULAR,USD
255,NVDA260116C00335000,2024-02-21 17:30:19+00:00,335.0,379.2,642.7,655.8,0.0,0.0,2.0,15.0,0.0,False,REGULAR,USD
256,NVDA260116C00340000,2025-08-29 19:28:35+00:00,340.0,0.1,0.09,0.1,0.0,0.0,225.0,4295.0,0.41992767578125,False,REGULAR,USD
257,NVDA260116C00345000,2024-03-11 13:56:37+00:00,345.0,560.79,563.35,570.9,0.0,0.0,1.0,16.0,0.0,False,REGULAR,USD
258,NVDA260116C00350000,2025-08-29 16:42:52+00:00,350.0,0.08,0.07,0.08,0.0,0.0,30.0,7348.0,0.424810439453125,False,REGULAR,USD
259,NVDA260116C00355000,2024-03-08 20:30:22+00:00,355.0,570.0,563.85,576.5,0.0,0.0,5.0,22.0,0.0,False,REGULAR,USD
260,NVDA260116C00360000,2025-08-29 18:23:57+00:00,360.0,0.06,0.06,0.07,-0.010000002,-14.285716,2442.0,10218.0,0.4335994140625,False,REGULAR,USD
261,NVDA260116C00365000,2024-05-28 13:51:18+00:00,365.0,787.39,874.65,890.4,0.0,0.0,2.0,11.0,0.0,False,REGULAR,USD
262,NVDA260116C00370000,2024-06-06 19:33:46+00:00,370.0,871.11,870.3,886.0,0.0,0.0,1.0,54.0,0.0,False,REGULAR,USD
263,NVDA260116C00375000,2024-03-07 19:35:08+00:00,375.0,596.39,546.8,560.65,0.0,0.0,1.0,38.0,0.0,False,REGULAR,USD
264,NVDA260116C00380000,2024-05-23 16:53:36+00:00,380.0,715.75,861.6,877.3,0.0,0.0,2.0,84.0,0.0,False,REGULAR,USD
265,NVDA260116C00385000,2024-05-31 13:46:13+00:00,385.0,782.0,857.25,872.95,0.0,0.0,1.0,37.0,0.0,False,REGULAR,USD
266,NVDA260116C00390000,2024-06-05 15:38:09+00:00,390.0,849.54,852.9,868.7,0.0,0.0,1.0,102.0,0.0,False,REGULAR,USD
267,NVDA260116C00395000,2024-05-31 16:04:19+00:00,395.0,737.48,848.6,864.3,0.0,0.0,1.0,45.0,0.0,False,REGULAR,USD
268,NVDA260116C00400000,2024-06-07 19:59:05+00:00,400.0,852.56,844.75,860.05,9.69,1.14964,3.0,872.0,0.0,False,REGULAR,USD
269,NVDA260116C00405000,2024-06-07 16:19:48+00:00,405.0,843.42,839.95,855.6,349.92,70.9058,1.0,123.0,0.0,False,REGULAR,USD
270,NVDA260116C00410000,2024-06-05 17:42:47+00:00,410.0,844.85,835.65,851.3,0.0,0.0,3.0,209.0,0.0,False,REGULAR,USD
271,NVDA260116C00415000,2024-06-03 19:14:16+00:00,415.0,769.72,831.35,846.95,0.0,0.0,1.0,128.0,0.0,False,REGULAR,USD
272,NVDA260116C00420000,2024-06-05 14:21:01+00:00,420.0,821.5,827.05,842.8,0.0,0.0,10.0,455.0,0.0,False,REGULAR,USD
273,NVDA260116C00425000,2024-05-28 15:23:55+00:00,425.0,741.76,822.75,838.55,0.0,0.0,1.0,232.0,0.0,False,REGULAR,USD
274,NVDA260116C00430000,2024-06-07 19:54:48+00:00,430.0,823.72,818.5,834.3,83.72,11.3135,3.0,221.0,0.0,False,REGULAR,USD
275,NVDA260116C00435000,2024-06-06 16:08:27+00:00,435.0,819.69,814.25,829.8,0.0,0.0,2.0,299.0,0.0,False,REGULAR,USD
276,NVDA260116C00440000,2024-06-07 18:20:34+00:00,440.0,809.0,810.0,825.25,245.5,43.567,1.0,197.0,0.0,False,REGULAR,USD
277,NVDA260116C00445000,2024-05-17 16:17:52+00:00,445.0,547.9,805.75,821.45,0.0,0.0,12.0,150.0,0.0,False,REGULAR,USD
278,NVDA260116C00450000,2024-06-07 16:44:57+00:00,450.0,805.67,802.45,817.35,6.58997,0.824694,7.0,1024.0,0.0,False,REGULAR,USD
279,NVDA260116C00455000,2024-05-23 15:17:59+00:00,455.0,639.5,797.3,813.1,0.0,0.0,3.0,264.0,0.0,False,REGULAR,USD
280,NVDA260116C00460000,2024-06-05 17:42:47+00:00,460.0,802.85,793.1,808.4,0.0,0.0,3.0,298.0,0.0,False,REGULAR,USD
281,NVDA260116C00465000,2024-05-17 16:20:15+00:00,465.0,532.9,788.9,804.1,0.0,0.0,4.0,92.0,0.0,False,REGULAR,USD
282,NVDA260116C00470000,2024-05-23 17:13:19+00:00,470.0,640.0,784.7,799.95,0.0,0.0,5.0,144.0,0.0,False,REGULAR,USD
283,NVDA260116C00475000,2024-05-24 16:50:54+00:00,475.0,629.0,780.5,795.75,0.0,0.0,3.0,136.0,0.0,False,REGULAR,USD
284,NVDA260116C00480000,2024-06-05 19:46:26+00:00,480.0,795.93,776.3,792.45,0.0,0.0,2.0,953.0,0.0,False,REGULAR,USD
285,NVDA260116C00485000,2024-05-29 18:11:38+00:00,485.0,725.68,772.15,788.2,0.0,0.0,1.0,910.0,0.0,False,REGULAR,USD
286,NVDA260116C00490000,2024-06-05 19:40:05+00:00,490.0,786.35,768.0,783.2,0.0,0.0,1.0,128.0,0.0,False,REGULAR,USD
287,NVDA260116C00495000,2024-06-04 13:30:03+00:00,495.0,722.1,763.9,779.1,0.0,0.0,10.0,98.0,0.0,False,REGULAR,USD
288,NVDA260116C00500000,2024-06-07 19:21:16+00:00,500.0,760.0,759.7,775.0,-5.77002,-0.753492,3.0,1281.0,0.0,False,REGULAR,USD
289,NVDA260116C00505000,2024-05-23 18:24:03+00:00,505.0,596.68,755.6,770.9,0.0,0.0,5.0,177.0,0.0,False,REGULAR,USD
290,NVDA260116C00510000,2024-05-23 16:36:17+00:00,510.0,608.0,751.5,766.6,0.0,0.0,1.0,51.0,0.0,False,REGULAR,USD
291,NVDA260116C00515000,2024-05-17 17:47:56+00:00,515.0,492.5,747.4,762.65,0.0,0.0,2.0,35.0,0.0,False,REGULAR,USD
292,NVDA260116C00520000,2024-06-06 15:40:47+00:00,520.0,751.55,743.35,758.4,0.0,0.0,1.0,159.0,0.0,False,REGULAR,USD
293,NVDA260116C00525000,2024-06-03 15:32:11+00:00,525.0,674.08,738.75,754.4,0.0,0.0,1.0,41.0,0.0,False,REGULAR,USD
294,NVDA260116C00530000,2024-05-21 14:21:17+00:00,530.0,485.68,735.2,750.35,0.0,0.0,1.0,110.0,0.0,False,REGULAR,USD
295,NVDA260116C00535000,2024-05-23 14:05:42+00:00,535.0,567.45,731.15,746.3,0.0,0.0,1.0,172.0,0.0,False,REGULAR,USD
296,NVDA260116C00540000,2024-06-05 15:28:57+00:00,540.0,724.63,727.1,742.35,0.0,0.0,3.0,76.0,0.0,False,REGULAR,USD
297,NVDA260116C00545000,2024-06-06 18:22:00+00:00,545.0,716.0,723.05,738.25,0.0,0.0,80.0,134.0,0.0,False,REGULAR,USD
298,NVDA260116C00550000,2024-06-07 17:26:32+00:00,550.0,731.05,719.05,733.75,-1.04999,-0.143421,1.0,526.0,0.0,False,REGULAR,USD
299,NVDA260116C00555000,2024-05-17 17:53:44+00:00,555.0,463.05,715.05,730.3,0.0,0.0,2.0,92.0,0.0,False,REGULAR,USD
300,NVDA260116C00560000,2024-05-30 15:25:35+00:00,560.0,645.73,711.05,726.3,0.0,0.0,1.0,351.0,0.0,False,REGULAR,USD
301,NVDA260116C00565000,2024-05-28 14:07:21+00:00,565.0,625.44,706.65,722.0,0.0,0.0,1.0,27.0,0.0,False,REGULAR,USD
302,NVDA260116C00570000,2024-06-06 14:33:26+00:00,570.0,718.3,703.15,718.7,0.0,0.0,1.0,77.0,0.0,False,REGULAR,USD
303,NVDA260116C00575000,2024-05-22 19:40:28+00:00,575.0,462.0,699.2,713.15,0.0,0.0,1.0,42.0,0.0,False,REGULAR,USD
304,NVDA260116C00580000,2024-06-04 16:48:31+00:00,580.0,651.0,695.25,709.15,0.0,0.0,2.0,332.0,0.0,False,REGULAR,USD
305,NVDA260116C00585000,2024-04-02 19:06:17+00:00,585.0,417.6,381.25,384.25,0.0,0.0,5.0,57.0,0.0,False,REGULAR,USD
306,NVDA260116C00590000,2024-06-06 14:50:24+00:00,590.0,705.08,687.45,701.1,0.0,0.0,3.0,47.0,0.0,False,REGULAR,USD
307,NVDA260116C00595000,2024-05-31 16:05:54+00:00,595.0,578.0,683.55,697.25,0.0,0.0,1.0,90.0,0.0,False,REGULAR,USD
308,NVDA260116C00600000,2024-06-07 19:56:11+00:00,600.0,687.2,679.7,692.9,3.79999,0.556041,29.0,692.0,0.0,False,REGULAR,USD
309,NVDA260116C00605000,2024-06-05 14:27:23+00:00,605.0,673.83,675.8,689.2,0.0,0.0,1.0,60.0,0.0,False,REGULAR,USD
310,NVDA260116C00610000,2024-06-05 19:17:05+00:00,610.0,690.82,672.65,687.6,0.0,0.0,3.0,119.0,0.0,False,REGULAR,USD
311,NVDA260116C00620000,2024-06-07 16:57:43+00:00,620.0,676.05,664.3,677.6,69.85,11.5226,3.0,319.0,0.0,False,REGULAR,USD
312,NVDA260116C00630000,2024-06-06 14:24:59+00:00,630.0,665.28,656.25,670.8,0.0,0.0,1.0,165.0,0.0,False,REGULAR,USD
313,NVDA260116C00640000,2024-06-06 13:38:14+00:00,640.0,697.03,649.1,662.8,0.0,0.0,1.0,341.0,0.0,False,REGULAR,USD
314,NVDA260116C00650000,2024-06-07 14:27:46+00:00,650.0,631.14,641.65,654.65,-22.85,-3.49393,1.0,682.0,0.0,False,REGULAR,USD
315,NVDA260116C00660000,2024-06-07 14:50:59+00:00,660.0,628.78,634.25,647.45,-12.04,-1.87884,1.0,135.0,0.0,False,REGULAR,USD
316,NVDA260116C00670000,2024-06-06 19:49:07+00:00,670.0,632.98,626.85,642.4,0.0,0.0,1.0,295.0,0.0,False,REGULAR,USD
317,NVDA260116C00680000,2024-06-03 13:35:43+00:00,680.0,562.65,620.45,633.75,0.0,0.0,1.0,893.0,0.0,False,REGULAR,USD
318,NVDA260116C00690000,2024-06-07 14:50:59+00:00,690.0,607.27,612.3,625.8,48.47,8.67395,1.0,678.0,0.0,False,REGULAR,USD
319,NVDA260116C00700000,2024-06-07 16:10:38+00:00,700.0,600.16,605.2,619.65,-13.84,-2.25408,11.0,1129.0,0.0,False,REGULAR,USD
320,NVDA260116C00710000,2024-06-07 15:21:10+00:00,710.0,589.0,598.0,611.75,1.34998,0.229724,1.0,487.0,0.0,False,REGULAR,USD
321,NVDA260116C00720000,2024-06-04 14:39:01+00:00,720.0,543.62,590.95,606.15,0.0,0.0,2.0,227.0,0.0,False,REGULAR,USD
322,NVDA260116C00730000,2024-06-07 16:25:23+00:00,730.0,590.0,587.7,597.35,5.78998,0.991078,2.0,617.0,0.0,False,REGULAR,USD
323,NVDA260116C00740000,2024-05-30 17:42:41+00:00,740.0,525.25,579.25,589.55,0.0,0.0,2.0,125.0,0.0,False,REGULAR,USD
324,NVDA260116C00750000,2024-06-07 17:14:53+00:00,750.0,584.11,572.75,582.9,10.0,1.74183,2.0,574.0,0.0,False,REGULAR,USD
325,NVDA260116C00760000,2024-06-07 14:08:57+00:00,760.0,559.0,566.5,575.95,-18.52,-3.20682,1.0,125.0,0.0,False,REGULAR,USD
326,NVDA260116C00770000,2024-06-05 16:03:06+00:00,770.0,554.22,558.6,569.65,0.0,0.0,1.0,476.0,0.0,False,REGULAR,USD
327,NVDA260116C00780000,2024-06-03 19:58:39+00:00,780.0,504.97,552.05,563.55,0.0,0.0,1.0,102.0,0.0,False,REGULAR,USD
328,NVDA260116C00790000,2024-06-07 19:03:40+00:00,790.0,551.0,545.65,555.8,11.08,2.05216,3.0,126.0,0.0,False,REGULAR,USD
329,NVDA260116C00800000,2024-06-07 19:27:29+00:00,800.0,543.45,539.55,548.3,4.45001,0.825605,2.0,1829.0,0.0,False,REGULAR,USD
330,NVDA260116C00810000,2024-06-07 17:03:51+00:00,810.0,541.02,533.2,543.0,77.99,16.8434,1.0,1269.0,0.0,False,REGULAR,USD
331,NVDA260116C00820000,2024-06-07 16:41:08+00:00,820.0,527.8,527.8,535.7,-5.70001,-1.06842,3.0,143.0,0.0,False,REGULAR,USD
332,NVDA260116C00830000,2024-06-03 14:53:55+00:00,830.0,452.57,520.35,529.75,0.0,0.0,1.0,279.0,0.0,False,REGULAR,USD
333,NVDA260116C00840000,2024-06-03 16:02:23+00:00,840.0,457.6,513.95,523.65,0.0,0.0,6.0,349.0,0.0,False,REGULAR,USD
334,NVDA260116C00850000,2024-06-07 19:43:20+00:00,850.0,514.3,508.55,516.95,12.45,2.48082,2.0,254.0,0.0,False,REGULAR,USD
335,NVDA260116C00860000,2024-06-07 14:58:35+00:00,860.0,495.0,501.15,510.95,41.92,9.25223,2.0,536.0,0.0,False,REGULAR,USD
336,NVDA260116C00870000,2024-06-05 14:41:14+00:00,870.0,490.68,495.55,505.4,0.0,0.0,1.0,446.0,0.0,False,REGULAR,USD
337,NVDA260116C00880000,2024-06-05 14:53:53+00:00,880.0,484.0,489.35,499.75,0.0,0.0,2.0,479.0,0.0,False,REGULAR,USD
338,NVDA260116C00890000,2024-06-06 13:50:31+00:00,890.0,495.75,483.25,493.3,0.0,0.0,1.0,106.0,0.0,False,REGULAR,USD
339,NVDA260116C00900000,2024-06-07 17:22:34+00:00,900.0,487.0,478.6,486.7,3.26001,0.673918,6.0,1464.0,0.0,False,REGULAR,USD
340,NVDA260116C00910000,2024-05-28 17:06:58+00:00,910.0,418.2,471.55,481.9,0.0,0.0,16.0,100.0,0.0,False,REGULAR,USD
341,NVDA260116C00920000,2024-06-07 19:37:04+00:00,920.0,470.0,465.8,475.9,20.67,4.60019,3.0,551.0,0.0,False,REGULAR,USD
342,NVDA260116C00930000,2024-06-06 16:37:39+00:00,930.0,450.0,461.1,469.4,0.0,0.0,3.0,304.0,0.0,False,REGULAR,USD
343,NVDA260116C00940000,2024-06-04 14:17:31+00:00,940.0,407.69,454.3,464.35,0.0,0.0,2.0,763.0,0.0,False,REGULAR,USD
344,NVDA260116C00950000,2024-06-07 18:54:55+00:00,950.0,451.47,449.25,458.2,2.26001,0.503108,7.0,976.0,0.0,False,REGULAR,USD
345,NVDA260116C00960000,2024-06-07 19:30:27+00:00,960.0,442.5,442.95,451.35,40.4,10.0472,1.0,233.0,0.0,False,REGULAR,USD
346,NVDA260116C00970000,2024-06-07 19:34:08+00:00,970.0,442.0,437.65,445.2,49.39,12.5799,1.0,78.0,0.0,False,REGULAR,USD
347,NVDA260116C00980000,2024-06-04 16:52:24+00:00,980.0,393.0,429.5,442.25,0.0,0.0,12.0,259.0,0.0,False,REGULAR,USD
348,NVDA260116C00990000,2024-06-07 14:15:27+00:00,990.0,420.86,426.55,436.4,28.05,7.14085,1.0,239.0,0.0,False,REGULAR,USD
349,NVDA260116C01000000,2024-06-07 17:35:56+00:00,1000.0,429.99,422.0,430.45,2.48999,0.582454,9.0,2593.0,0.0,False,REGULAR,USD
350,NVDA260116C01010000,2024-06-05 19:32:56+00:00,1010.0,426.19,416.3,425.0,0.0,0.0,1.0,141.0,0.0,False,REGULAR,USD
351,NVDA260116C01020000,2024-06-06 19:59:50+00:00,1020.0,417.8,410.2,420.15,0.0,0.0,4.0,141.0,0.0,False,REGULAR,USD
352,NVDA260116C01030000,2024-06-06 13:50:09+00:00,1030.0,416.5,408.95,412.3,0.0,0.0,1.0,65.0,0.0,False,REGULAR,USD
353,NVDA260116C01040000,2024-06-06 17:00:02+00:00,1040.0,387.74,403.7,407.8,0.0,0.0,2.0,158.0,0.0,False,REGULAR,USD
354,NVDA260116C01050000,2024-06-07 19:33:44+00:00,1050.0,399.95,399.0,402.2,3.27002,0.824347,5.0,477.0,0.0,False,REGULAR,USD
355,NVDA260116C01060000,2024-06-05 19:20:09+00:00,1060.0,405.66,393.85,397.9,0.0,0.0,9.0,63.0,0.0,False,REGULAR,USD
356,NVDA260116C01070000,2024-06-07 17:02:33+00:00,1070.0,393.83,388.9,392.3,-4.17001,-1.04774,5.0,94.0,0.0,False,REGULAR,USD
357,NVDA260116C01080000,2024-06-05 19:20:09+00:00,1080.0,395.79,384.05,386.85,0.0,0.0,5.0,50.0,0.0,False,REGULAR,USD
358,NVDA260116C01090000,2024-06-07 17:07:05+00:00,1090.0,386.14,379.25,382.05,-4.84998,-1.24043,49.0,122.0,0.0,False,REGULAR,USD
359,NVDA260116C01100000,2024-06-07 19:24:40+00:00,1100.0,375.5,374.6,378.25,-4.5,-1.18421,78.0,729.0,0.0,False,REGULAR,USD
360,NVDA260116C01110000,2024-06-06 16:01:53+00:00,1110.0,368.5,369.8,372.7,0.0,0.0,2.0,393.0,0.0,False,REGULAR,USD
361,NVDA260116C01120000,2024-06-07 19:00:08+00:00,1120.0,365.86,365.2,368.0,-11.14,-2.95491,1.0,53.0,0.0,False,REGULAR,USD
362,NVDA260116C01130000,2024-06-05 19:18:49+00:00,1130.0,372.0,360.6,363.45,0.0,0.0,12.0,89.0,0.0,False,REGULAR,USD
363,NVDA260116C01140000,2024-06-07 17:46:28+00:00,1140.0,358.6,356.15,359.0,-21.67,-5.69858,2.0,150.0,0.0,False,REGULAR,USD
364,NVDA260116C01150000,2024-06-07 17:10:28+00:00,1150.0,358.0,351.2,355.1,7.39999,2.11067,8.0,1213.0,0.0,False,REGULAR,USD
365,NVDA260116C01160000,2024-06-05 17:15:10+00:00,1160.0,348.2,347.2,350.1,0.0,0.0,3.0,31.0,0.0,False,REGULAR,USD
366,NVDA260116C01170000,2024-06-06 13:30:02+00:00,1170.0,354.73,342.7,345.75,0.0,0.0,2.0,139.0,0.0,False,REGULAR,USD
367,NVDA260116C01180000,2024-06-06 16:49:47+00:00,1180.0,328.3,338.4,341.45,0.0,0.0,3.0,90.0,0.0,False,REGULAR,USD
368,NVDA260116C01190000,2024-06-07 14:06:49+00:00,1190.0,327.8,334.15,337.15,-1.10001,-0.33445,1.0,29.0,0.0,False,REGULAR,USD
369,NVDA260116C01200000,2024-06-07 19:59:27+00:00,1200.0,332.0,330.2,333.55,3.14999,0.957882,24.0,1526.0,0.0,False,REGULAR,USD
370,NVDA260116C01210000,2024-06-07 19:56:57+00:00,1210.0,326.83,325.8,328.85,10.51,3.32258,2.0,180.0,0.0,False,REGULAR,USD
371,NVDA260116C01220000,2024-06-07 17:27:33+00:00,1220.0,327.45,321.8,325.2,8.55002,2.6811,3.0,28.0,0.0,False,REGULAR,USD
372,NVDA260116C01230000,2024-06-06 13:53:15+00:00,1230.0,321.77,317.75,320.7,0.0,0.0,1.0,30.0,0.0,False,REGULAR,USD
373,NVDA260116C01240000,2024-06-07 18:12:02+00:00,1240.0,311.23,313.55,316.7,-5.76999,-1.82019,4.0,25.0,0.0,False,REGULAR,USD
374,NVDA260116C01250000,2024-06-07 17:14:53+00:00,1250.0,316.11,310.0,313.5,6.10999,1.97096,4.0,476.0,0.0,False,REGULAR,USD
375,NVDA260116C01260000,2024-06-06 13:39:16+00:00,1260.0,340.4,305.7,308.8,0.0,0.0,2.0,48.0,0.0,False,REGULAR,USD
376,NVDA260116C01270000,2024-06-07 13:47:30+00:00,1270.0,298.5,302.05,306.1,-37.99,-11.2901,2.0,29.0,0.0,False,REGULAR,USD
377,NVDA260116C01280000,2024-06-06 13:39:20+00:00,1280.0,332.45,298.15,301.15,0.0,0.0,1.0,65.0,0.0,False,REGULAR,USD
378,NVDA260116C01290000,2024-06-07 14:59:29+00:00,1290.0,287.8,294.5,297.45,-26.06,-8.30307,1.0,41.0,0.0,False,REGULAR,USD
379,NVDA260116C01300000,2024-06-07 19:54:26+00:00,1300.0,289.86,291.05,294.35,-3.72,-1.26712,55.0,902.0,0.0,False,REGULAR,USD
380,NVDA260116C01320000,2024-06-06 15:57:38+00:00,1320.0,284.0,283.5,286.45,0.0,0.0,1.0,87.0,0.0,False,REGULAR,USD
381,NVDA260116C01340000,2024-06-06 16:04:45+00:00,1340.0,278.74,276.45,279.4,0.0,0.0,3.0,83.0,0.0,False,REGULAR,USD
382,NVDA260116C01360000,2024-06-06 18:06:31+00:00,1360.0,264.47,269.55,272.5,0.0,0.0,3.0,116.0,0.0,False,REGULAR,USD
383,NVDA260116C01380000,2024-06-06 19:42:31+00:00,1380.0,263.0,262.65,265.8,0.0,0.0,7.0,212.0,0.0,False,REGULAR,USD
384,NVDA260116C01400000,2024-06-07 17:06:45+00:00,1400.0,263.0,256.5,260.0,0.5,0.190476,15.0,562.0,0.0,False,REGULAR,USD
385,NVDA260116C01420000,2024-06-05 19:49:46+00:00,1420.0,257.25,249.9,252.9,0.0,0.0,1.0,35.0,0.0,False,REGULAR,USD
386,NVDA260116C01440000,2024-06-07 18:21:11+00:00,1440.0,242.0,243.6,246.7,-0.75,-0.30896,1.0,233.0,0.0,False,REGULAR,USD
387,NVDA260116C01460000,2024-06-07 19:14:08+00:00,1460.0,237.48,237.65,240.7,-9.52,-3.85425,1.0,47.0,0.0,False,REGULAR,USD
388,NVDA260116C01480000,2024-06-06 18:15:42+00:00,1480.0,228.66,231.6,234.8,0.0,0.0,6.0,602.0,0.0,False,REGULAR,USD
389,NVDA260116C01500000,2024-06-07 19:54:29+00:00,1500.0,226.0,226.05,228.85,1.42,0.632291,29.0,1364.0,0.0,False,REGULAR,USD
390,NVDA260116C01520000,2024-06-07 19:52:36+00:00,1520.0,221.05,220.45,223.5,4.29001,1.97915,3.0,400.0,0.0,False,REGULAR,USD
391,NVDA260116C01540000,2024-06-05 13:40:28+00:00,1540.0,203.7,215.65,218.4,0.0,0.0,4.0,89.0,0.0,False,REGULAR,USD
392,NVDA260116C01560000,2024-06-06 15:44:06+00:00,1560.0,212.0,210.35,213.1,0.0,0.0,1.0,55.0,0.0,False,REGULAR,USD
393,NVDA260116C01580000,2024-06-06 17:13:41+00:00,1580.0,202.0,205.25,208.05,0.0,0.0,1.0,192.0,0.0,False,REGULAR,USD
394,NVDA260116C01600000,2024-06-07 19:50:17+00:00,1600.0,201.09,200.35,202.75,-8.62001,-4.11044,20.0,429.0,0.0,False,REGULAR,USD
395,NVDA260116C01620000,2024-06-05 17:00:33+00:00,1620.0,193.3,195.35,198.1,0.0,0.0,2.0,48.0,0.0,False,REGULAR,USD
396,NVDA260116C01640000,2024-06-06 18:14:33+00:00,1640.0,188.37,190.5,193.35,0.0,0.0,12.0,368.0,0.0,False,REGULAR,USD
397,NVDA260116C01650000,2024-06-06 17:14:40+00:00,1650.0,184.75,188.35,190.85,0.0,0.0,10.0,140.0,0.0,False,REGULAR,USD
398,NVDA260116C01660000,2024-06-07 16:53:39+00:00,1660.0,186.52,186.0,188.65,49.47,36.0963,1.0,26.0,0.0,False,REGULAR,USD
399,NVDA260116C01670000,2024-06-07 16:53:39+00:00,1670.0,183.81,183.65,186.45,32.27,21.2947,1.0,24.0,0.0,False,REGULAR,USD
400,NVDA260116C01680000,2024-06-03 18:30:23+00:00,1680.0,149.58,181.5,183.9,0.0,0.0,1.0,16.0,0.0,False,REGULAR,USD
401,NVDA260116C01690000,2024-06-05 19:47:57+00:00,1690.0,185.66,179.2,181.75,0.0,0.0,2.0,7.0,0.0,False,REGULAR,USD
402,NVDA260116C01700000,2024-06-07 15:35:22+00:00,1700.0,173.8,177.2,179.7,2.15001,1.25255,9.0,712.0,0.0,False,REGULAR,USD
403,NVDA260116C01710000,2024-06-05 17:22:14+00:00,1710.0,174.84,175.0,177.75,0.0,0.0,2.0,14.0,0.0,False,REGULAR,USD
404,NVDA260116C01720000,2024-05-31 13:31:33+00:00,1720.0,137.16,172.75,175.6,0.0,0.0,1.0,22.0,14.25000109375,False,REGULAR,USD
405,NVDA260116C01730000,2024-06-04 14:42:00+00:00,1730.0,147.16,170.7,173.5,0.0,0.0,2.0,18.0,9.28125419921875,False,REGULAR,USD
406,NVDA260116C01740000,2024-05-24 18:55:02+00:00,1740.0,103.06,168.65,171.2,0.0,0.0,2.0,52.0,8.516606239624021,False,REGULAR,USD
407,NVDA260116C01750000,2024-06-06 15:08:46+00:00,1750.0,171.0,166.75,169.0,0.0,0.0,5.0,53.0,8.071049877471923,False,REGULAR,USD
408,NVDA260116C01760000,2024-05-31 17:38:52+00:00,1760.0,117.7,164.7,167.45,0.0,0.0,1.0,8.0,7.775879186401367,False,REGULAR,USD
409,NVDA260116C01770000,2024-05-22 16:47:43+00:00,1770.0,74.85,162.7,165.45,0.0,0.0,1.0,30.0,7.508301395874024,False,REGULAR,USD
410,NVDA260116C01780000,2024-06-07 19:38:45+00:00,1780.0,162.08,160.7,163.5,6.15001,3.94408,1.0,120.0,7.2861337048339845,False,REGULAR,USD
411,NVDA260116C01790000,2024-06-07 16:28:57+00:00,1790.0,160.8,158.85,161.5,0.690002,0.430955,1.0,167.0,7.097901518249511,False,REGULAR,USD
412,NVDA260116C01800000,2024-06-07 19:12:11+00:00,1800.0,158.49,157.1,159.2,4.76001,3.09634,2.0,629.0,6.922364628295898,False,REGULAR,USD
413,NVDA260116C01810000,2024-05-23 15:19:27+00:00,1810.0,92.26,155.0,157.7,0.0,0.0,2.0,27.0,6.781739804077149,False,REGULAR,USD
414,NVDA260116C01820000,2024-05-23 15:19:27+00:00,1820.0,91.02,153.15,155.85,0.0,0.0,4.0,49.0,6.6491716104125995,False,REGULAR,USD
415,NVDA260116C01830000,2024-05-28 14:27:10+00:00,1830.0,112.75,151.4,154.05,0.0,0.0,36.0,20.0,6.531495976257325,False,REGULAR,USD
416,NVDA260116C01840000,2024-05-24 18:42:29+00:00,1840.0,89.5,149.6,152.3,0.0,0.0,1.0,74.0,6.421754902496338,False,REGULAR,USD
417,NVDA260116C01850000,2024-05-31 17:56:33+00:00,1850.0,104.03,147.95,150.05,0.0,0.0,1.0,76.0,6.308595864257812,False,REGULAR,USD
418,NVDA260116C01860000,2024-05-29 15:29:49+00:00,1860.0,120.04,146.05,148.75,0.0,0.0,78.0,45.0,6.221559840240478,False,REGULAR,USD
419,NVDA260116C01870000,2024-06-05 18:14:10+00:00,1870.0,145.75,144.35,147.05,0.0,0.0,1.0,35.0,6.133425184783935,False,REGULAR,USD
420,NVDA260116C01880000,2024-06-07 19:38:45+00:00,1880.0,144.02,142.65,145.25,-4.72,-3.17332,1.0,27.0,6.0469995115661614,False,REGULAR,USD
421,NVDA260116C01890000,2024-06-05 18:41:39+00:00,1890.0,144.87,140.95,143.35,0.0,0.0,5.0,43.0,5.962160750427246,False,REGULAR,USD
422,NVDA260116C01900000,2024-06-07 19:12:11+00:00,1900.0,140.92,139.4,141.75,-9.37,-6.23461,2.0,103.0,5.891299022598267,False,REGULAR,USD
423,NVDA260116C01910000,2024-06-06 14:14:24+00:00,1910.0,141.6,137.65,140.35,0.0,0.0,1.0,66.0,5.823122838287354,False,REGULAR,USD
424,NVDA260116C01920000,2024-05-28 13:58:24+00:00,1920.0,102.0,136.0,138.7,0.0,0.0,1.0,90.0,5.7540311277770995,False,REGULAR,USD
425,NVDA260116C01930000,2024-06-06 18:07:14+00:00,1930.0,132.56,134.35,137.1,0.0,0.0,3.0,155.0,5.688357381744384,False,REGULAR,USD
426,NVDA260116C01940000,2024-06-06 18:07:14+00:00,1940.0,130.98,132.85,135.55,0.0,0.0,17.0,708.0,5.628909213867187,False,REGULAR,USD
427,NVDA260116C01950000,2024-06-07 16:22:59+00:00,1950.0,133.15,131.45,133.8,25.58,23.7799,71.0,128.0,5.5692169056701655,False,REGULAR,USD
428,NVDA260116C02000000,2024-06-07 19:57:44+00:00,2000.0,125.4,124.0,126.1,-2.0,-1.56986,342.0,618.0,5.3044467288208,False,REGULAR,USD
429,NVDA260116C02050000,2024-06-06 18:06:31+00:00,2050.0,115.65,117.05,119.35,0.0,0.0,7.0,34.0,5.091251194534301,False,REGULAR,USD
430,NVDA260116C02100000,2024-06-06 17:02:06+00:00,2100.0,108.63,110.7,112.6,0.0,0.0,19.0,125.0,4.9044838498687735,False,REGULAR,USD
431,NVDA260116C02120000,2024-06-06 14:08:31+00:00,2120.0,113.2,108.1,110.25,0.0,0.0,1.0,189.0,4.837650437316894,False,REGULAR,USD
432,NVDA260116C02130000,2024-05-29 19:59:55+00:00,2130.0,90.3,106.9,108.8,0.0,0.0,,21.0,4.802372161102293,False,REGULAR,USD
433,NVDA260116C02140000,2024-06-05 19:26:50+00:00,2140.0,109.38,105.7,107.6,0.0,0.0,4.0,71.0,4.771061165084838,False,REGULAR,USD
434,NVDA260116C02150000,2024-06-05 19:22:08+00:00,2150.0,109.57,104.6,106.3,0.0,0.0,4.0,12.0,4.740055344467163,False,REGULAR,USD
435,NVDA260116C02160000,2024-06-07 17:14:14+00:00,2160.0,107.5,103.3,105.1,1.5,1.41509,1.0,1.0,4.708072962570189,False,REGULAR,USD
436,NVDA260116C02170000,2024-05-30 17:58:58+00:00,2170.0,84.18,102.15,104.05,0.0,0.0,1.0,1.0,4.680485106430053,False,REGULAR,USD
437,NVDA260116C02180000,2024-06-04 18:37:17+00:00,2180.0,86.83,100.95,102.8,0.0,0.0,2.0,1.0,4.649784461212159,False,REGULAR,USD
438,NVDA260116C02200000,2024-06-07 18:12:23+00:00,2200.0,98.2,98.9,100.8,-3.8,-3.72549,2.0,71.0,4.600651221847533,False,REGULAR,USD
439,NVDA260116C02210000,2024-06-04 18:15:28+00:00,2210.0,82.65,97.7,99.45,0.0,0.0,6.0,29.0,4.569401260910034,False,REGULAR,USD
440,NVDA260116C02220000,2024-06-04 19:42:21+00:00,2220.0,83.18,96.6,98.5,0.0,0.0,14.0,9.0,4.544987228927612,False,REGULAR,USD
441,NVDA260116C02230000,2024-06-07 14:57:59+00:00,2230.0,95.25,95.55,97.65,12.38,14.9391,1.0,4.0,4.522770459823609,False,REGULAR,USD
442,NVDA260116C02240000,2024-05-29 18:50:03+00:00,2240.0,80.03,94.5,96.25,0.0,0.0,,1.0,4.493534656524657,False,REGULAR,USD
443,NVDA260116C02250000,2024-06-06 16:44:13+00:00,2250.0,90.15,93.55,95.2,0.0,0.0,303.0,221.0,4.470341326141357,False,REGULAR,USD
444,NVDA260116C02260000,2024-05-30 14:35:02+00:00,2260.0,74.65,92.4,94.3,0.0,0.0,4.0,22.0,4.44662919757843,False,REGULAR,USD
445,NVDA260116C02270000,2024-06-05 19:26:50+00:00,2270.0,94.8,91.4,93.3,0.0,0.0,8.0,71.0,4.423710525054931,False,REGULAR,USD
446,NVDA260116C02280000,2024-06-07 19:35:08+00:00,2280.0,91.4,90.35,92.25,-0.599998,-0.652172,5.0,45.0,4.399723738632202,False,REGULAR,USD
447,NVDA260116C02300000,2024-06-07 19:48:58+00:00,2300.0,90.55,88.6,90.2,90.55,,5.0,0.0,4.357090735282897,False,REGULAR,USD
448,NVDA260116C02400000,2024-06-07 17:28:14+00:00,2400.0,81.49,79.55,81.2,81.49,,3.0,15.0,4.161320716323852,False,REGULAR,USD
449,NVDA260116C02450000,2024-06-07 19:23:41+00:00,2450.0,75.88,75.45,77.05,75.88,,3.0,,4.075139183425904,False,REGULAR,USD
450,NVDA260116C02500000,2024-06-07 19:56:40+00:00,2500.0,72.0,71.6,73.2,72.0,,14.0,,3.9963989347839353,False,REGULAR,USD
