Expiration
2025-06-20
2025-07-18
2025-09-19
2025-12-19
2026-01-16
